333.792
249.677
1192.260
2247.175
2639.220
2988.451
2080.572
2991.335
2963.341
2942.715
2901.828
2897.841
2634.776
2936.135
2917.468
2992.152
2966.148
2332.507
2608.037
2962.723
2852.248
2354.900
2654.729
2946.749
2501.086
2957.778
2611.757
2964.319
2744.285
2888.182
2379.829
2422.257
2346.866
2076.519
2801.019
2761.744
2870.589
2967.747
2703.187
2689.548
2083.450
2954.009
2885.400
2963.040
2936.132
2946.858
2950.129
2901.343
2829.523
2926.384
2917.900
2948.961
2901.915
2568.104
2297.842
2882.859
2895.004
2051.461
2831.495
2627.447
2880.501
2938.176
2935.551
2922.487
2924.007
2910.890
2924.900
2960.155
2959.230
2914.222
2918.216
2884.240
2919.720
2868.718
2943.154
2944.407
2951.949
2944.258
2925.458
2705.935
1003.868
2616.111
2537.174
1927.213
2396.694
2921.873
2919.548
2966.920
2947.324
2268.552
2965.743
2871.907
2798.914
2198.107
2907.473
2936.693
2929.467
2909.799
2943.258
2951.808